dict(fC=2e-14)
dict(mMC=1.2e-05)
dict(Dnpp=(1.64221579e-01, 8.16946804e+02))
dict(muTpars=(25, 9.85, 41.5, -5430.0, -141100.0, 687900.0))
dict(mt=0.7835180806113873)
dict(zpars=(0.9940922288758268, 0.03784964930568861))
dict(miparms=(1221.132163101534, 0.6265800247751857, 0.11751081709908912, -0.0007621087263931424))