dict(fC=8.6e-14)
dict(fR=0.24)
dict(mMC=1.2e-05)
dict(muTpars=(25, 9.85, 41.5, -5430.0, -141100.0, 687900.0))
dict(miparms=(1221.132163101534, 0.6265800247751857, 0.11751081709908912, -0.0007621087263931424))
dict(Dnpp=(0.10220286637746308, 668.6924982684882))
dict(zpars=(1.0029202625445266, 0.18294371368174298))
dict(mt=1.472071276295347)