dict(fC=2e-14)
dict(mMC=1.2e-05)
dict(Dnpp=(1.64221579e-01, 8.16946804e+02))
dict(muTpars=(25, 9.85, 41.5, -5430.0, -141100.0, 687900.0))
dict(miparms=(1221.132163101534, 0.6265800247751857, 0.11751081709908912, -0.0007621087263931424))
dict(zpars=(1.0115555997597439, 0.16602841049672812))
dict(mt=0.870308941363837)